9 8
1.0089300000000001e+00
8.3287900000000004e-01
4.7160400000000002e-01
1.4073400000000000e-01
0.0000000000000000e+00
1.4073400000000000e-01
4.7160400000000002e-01
8.3287900000000004e-01
1.0089300000000001e+00
1.2041599999999999e+00
9.8804300000000000e-01
4.8423100000000002e-01
-1.1715000000000000e-02
-2.2501099999999999e-01
-1.1715000000000000e-02
4.8423100000000002e-01
9.8804300000000000e-01
1.2041599999999999e+00
1.8734860000000000e+00
1.4635450000000001e+00
4.8693599999999998e-01
-4.8696000000000000e-01
-9.0010900000000005e-01
-4.8696000000000000e-01
4.8693599999999998e-01
1.4635450000000001e+00
1.8734860000000000e+00
3.4406960000000000e+00
2.5721349999999998e+00
4.8749999999999999e-01
-1.5955239999999999e+00
-2.4684860000000000e+00
-1.5955239999999999e+00
4.8749999999999999e-01
2.5721349999999998e+00
3.4406960000000000e+00
6.9218820000000001e+00
5.0338589999999996e+00
4.8761599999999999e-01
-4.0572710000000001e+00
-5.9498410000000002e+00
-4.0572710000000001e+00
4.8761599999999999e-01
5.0338589999999996e+00
6.9218820000000001e+00
1.4576853000000000e+01
1.0446940000000000e+01
4.8764099999999999e-01
-9.4704219999999992e+00
-1.3604685000000000e+01
-9.4704219999999992e+00
4.8764099999999999e-01
1.0446940000000000e+01
1.4576853000000000e+01
3.1375309000000001e+01
2.2325655000000001e+01
4.8764600000000002e-01
-2.1349288999999999e+01
-3.0402761000000002e+01
-2.1349288999999999e+01
4.8764600000000002e-01
2.2325655000000001e+01
3.1375309000000001e+01
6.8223106000000001e+01
4.8381881999999997e+01
4.8764700000000000e-01
-4.7405853000000000e+01
-6.7249701999999999e+01
-4.7405853000000000e+01
4.8764700000000000e-01
4.8381881999999997e+01
6.8223106000000001e+01
0.0000000000000000e+00
-2.2516999999999999e-02
-5.4641000000000002e-02
-5.2462000000000002e-02
0.0000000000000000e+00
5.2462000000000002e-02
5.4641000000000002e-02
2.2516999999999999e-02
0.0000000000000000e+00
0.0000000000000000e+00
-3.5623899999999997e-01
-5.0314400000000004e-01
-3.6148400000000003e-01
0.0000000000000000e+00
3.6148400000000003e-01
5.0314400000000004e-01
3.5623899999999997e-01
0.0000000000000000e+00
0.0000000000000000e+00
-9.1096800000000000e-01
-1.2836360000000000e+00
-9.1099699999999995e-01
0.0000000000000000e+00
9.1099699999999995e-01
1.2836360000000000e+00
9.1096800000000000e-01
0.0000000000000000e+00
0.0000000000000000e+00
-2.0550549999999999e+00
-2.9009450000000001e+00
-2.0540129999999999e+00
0.0000000000000000e+00
2.0540129999999999e+00
2.9009450000000001e+00
2.0550549999999999e+00
0.0000000000000000e+00
0.0000000000000000e+00
-4.5328280000000003e+00
-6.4050349999999998e+00
-4.5315919999999998e+00
0.0000000000000000e+00
4.5315919999999998e+00
6.4050349999999998e+00
4.5328280000000003e+00
0.0000000000000000e+00
0.0000000000000000e+00
-9.9531980000000004e+00
-1.4070859000000000e+01
-9.9519859999999998e+00
0.0000000000000000e+00
9.9519859999999998e+00
1.4070859000000000e+01
9.9531980000000004e+00
0.0000000000000000e+00
0.0000000000000000e+00
-2.1835232000000001e+01
-3.0875221000000000e+01
-2.1834161999999999e+01
0.0000000000000000e+00
2.1834161999999999e+01
3.0875221000000000e+01
2.1835232000000001e+01
0.0000000000000000e+00
0.0000000000000000e+00
-4.7892966999999999e+01
-6.7727821000000006e+01
-4.7892234999999999e+01
0.0000000000000000e+00
4.7892234999999999e+01
6.7727821000000006e+01
4.7892966999999999e+01
0.0000000000000000e+00
